0.2951 -0.6941 -0.3079 0.9914 0.4947
-2.2586 1.0368 1.0941 -1.4293 -1.8058
0.4892 0.0126 1.5199 1.4949 -0.6461
-1.2563 1.2247 0.6021 -0.7612 -0.3155
0.4707 2.0237 -0.3079 -0.4635 -0.7358
0.5593 -1.2863 0.8461 0.4059 -0.1628
0.6116 0.5391 -0.0216 -1.3424 0.3852
-1.0073 1.5158 1.3433 -1.3851 1.4722
0.2479 -1.7133 -0.1814 -0.9726 0.0028
-1.7797 0.2700 0.2032 -0.1421 -1.5230
0.2665 0.1257 -1.1920 0.1565 -0.6265
0.2385 1.0486 2.5734 1.1815 0.2251
-1.0346 -0.8771 -0.4271 -0.2894 0.4313
-1.2401 2.3237 -1.0485 0.9656 0.4715
1.5990 -1.1340 -0.2528 1.1064 0.1422
0.7356 2.1563 -1.8736 0.7048 0.1002
0.3608 3.3856 1.2559 -0.7230 1.6341
1.1160 -0.7651 0.0209 0.9220 -0.5949
0.9790 -1.2000 -0.4334 2.0573 0.2610
1.2388 -0.5039 0.7509 1.6286 -1.2617
1.3051 -1.1740 -0.2082 0.3809 1.7593
-1.1102 0.6482 1.3944 -0.1279 -1.7794
1.6110 1.9607 0.8722 -0.9161 1.0262
0.4567 0.0888 1.6900 -1.2088 0.1066
1.3906 -0.1743 -2.5169 0.6199 -2.1065
-0.8863 -0.2655 -0.7193 -1.6792 -0.7432
0.1693 1.0296 -0.4623 -0.9083 1.0176
-0.1243 -0.9518 1.8379 -0.3323 1.2146
1.6544 -0.0276 0.2675 0.4936 0.9614
-0.5603 1.6573 -0.7824 0.3520 0.3161
2.0012 1.1588 1.8094 -0.0024 1.2348
-1.2434 -1.3039 -0.3862 0.4774 1.3520
-1.2933 1.4894 0.9404 3.2803 0.0290
-0.6193 -1.7027 0.0611 0.6861 -1.4659
0.4463 -1.0476 1.2568 -1.0955 0.5054
-0.1053 -1.5812 0.6660 1.6190 0.3226
2.5110 1.6869 -0.5788 1.7362 0.8651
-0.7165 0.0459 0.8093 -1.4324 -0.9865
-2.5005 -2.0604 -0.1123 0.6540 -0.3545
-0.5347 0.1592 0.8268 1.7874 -0.0949
-1.7044 -0.2766 0.7643 -0.4295 0.1042
0.4356 0.2787 1.1106 -0.0551 -0.7702
0.9139 0.1639 -0.8391 -1.2275 2.3946
-0.2114 1.1659 0.9434 -0.1487 -1.1338
-1.5665 -0.7406 -1.0406 -0.5954 -1.4451
0.9348 1.5043 0.7237 -0.2934 0.0797
0.8179 -1.0574 0.8274 -0.6461 0.3999
0.2294 1.1885 2.2131 -1.0779 0.3048
0.5119 -0.5559 -0.3973 1.2246 -1.2321
-1.4424 0.5189 1.7095 0.2180 -1.3191
-0.7553 0.7209 -0.6825 -0.3222 0.4984
-0.0576 -0.0277 -0.2258 0.2519 0.2690
-2.0258 0.1345 0.2903 0.2769 0.4541
0.4455 -0.6371 -0.3291 0.3813 -1.3135
0.1640 -0.1906 0.1355 0.0706 -1.3647
-1.1526 -1.2353 0.2822 -0.7508 1.0160
-0.7159 -0.2619 -1.2894 1.0050 0.1988
-0.1890 1.6065 -2.1477 -1.1384 -0.4101
-0.0116 -0.6310 -0.7926 -2.1773 0.0269
-0.8337 2.1251 1.4615 -0.9492 -1.0575
-1.6814 -2.0349 1.3730 1.8015 -0.2158
0.0261 0.8261 0.3561 0.7510 -1.0681
0.7170 -0.8548 -0.6921 0.1730 0.8733
-0.7254 -0.1653 -0.5908 -2.1824 0.3413
-1.6167 1.0481 -0.2758 0.3343 1.0846
0.8518 0.2716 -0.7749 -1.2853 0.2049
-0.0248 -0.2839 -0.4183 0.5681 -0.2266
0.1037 -0.4629 2.1454 -1.7531 -1.1737
0.6088 -0.2461 0.3609 0.9034 -1.0995
0.4368 0.3792 -0.6312 -1.1983 2.0300
0.3738 1.4774 -0.0338 -1.3452 0.0931
1.3956 2.4155 0.3338 -0.9419 0.7794
0.4400 -2.2366 -1.3014 0.8165 0.1782
0.8852 0.0726 -0.4591 1.5248 -0.5305
-1.2107 -1.8957 -0.0243 0.5578 -1.3899
-0.8633 -1.2812 0.6856 -0.0562 -0.3382
0.1552 0.4582 -0.6141 0.5605 0.2737
1.0838 -0.8509 0.9159 0.5762 -1.3958
1.9636 -0.6364 0.8444 0.4034 -0.3988
0.4443 -1.4501 -0.1347 0.7812 -1.1539
-1.1091 -0.4101 1.3322 0.1356 -0.5806
0.8467 -1.4421 0.3920 -2.2218 -2.6184
0.8643 0.5275 0.4323 0.7625 -0.3473
-0.6227 -0.4503 0.0153 -0.9278 0.6062
-0.1219 0.2978 0.9398 -0.8210 1.5079
-0.4609 0.9610 0.3314 -0.1987 -0.9943
1.1907 -1.7158 -0.6801 1.8376 1.0055
0.7622 1.2046 -1.7863 0.1048 0.1982
0.1602 -0.6211 -0.7238 1.4903 0.4887
-0.9884 -0.8594 -0.2943 -0.0259 1.2093
0.5117 0.0926 -0.5475 1.3213 -1.2132
-0.9575 -1.9669 -0.5017 0.3760 0.9336
-0.9415 -0.5245 1.0179 1.0169 -1.5309
-0.2862 0.7579 -1.0816 -0.6560 0.3516
0.2291 0.6771 0.6558 -0.1290 -0.7038
-0.8784 0.8312 -0.0360 0.6376 -1.5832
0.5899 -1.7670 -0.4859 -2.7816 1.6773
0.5241 0.1316 -1.4959 1.3765 1.0983
0.5045 -0.6702 -0.0944 -0.3229 1.0207
0.1862 -0.6952 0.8280 1.0892 0.2609
-0.2934 -1.0795 -1.9291 -2.0860 -1.7428
-0.1810 1.7111 -0.0028 -0.1391 -0.1092
1.6334 0.7085 0.1860 -0.4375 -0.4958
0.7628 0.3938 1.4473 0.5011 1.4607
-0.6264 0.2989 0.7896 0.9355 0.5176
0.2385 1.4505 -0.1950 -1.6910 1.3848
-0.7906 -1.2674 0.1503 -0.8061 0.5950
-0.3112 -1.5516 0.5839 -0.0537 0.0167
-1.9418 0.3069 0.7908 0.7006 -0.8259
-0.9596 0.8517 0.5686 -1.3091 1.0499
-0.4707 -0.7809 0.0889 1.0206 1.4600
-0.7602 -0.6361 -0.4036 -0.0358 1.0111
1.2071 -0.6962 0.5597 0.8214 -1.2932
1.0994 0.7084 1.2243 1.3447 0.5657
2.0215 0.5402 -0.3198 1.3723 -0.3728
-1.1561 0.3477 0.0073 1.1808 1.8615
0.0206 1.4563 0.4101 0.1973 -0.2504
-0.1527 -1.8781 0.7531 -0.1485 0.0206
-1.5160 -1.1498 2.7192 0.9410 0.2330
0.6763 1.0799 0.0130 -0.5715 0.5617
-0.3687 -0.8470 -0.3476 -0.5182 1.0371
0.4100 0.8753 0.6352 -1.1157 0.7618
0.9152 0.0136 0.6140 0.1352 1.0086
0.2529 0.9537 1.7416 -0.3921 -0.6600
0.6165 0.5385 0.7339 -0.4151 -0.0918
-0.0159 0.5193 -0.4234 0.2755 2.4325
-0.2793 -0.3056 -0.9389 -1.0429 0.6860
0.8561 0.6425 1.4402 0.5129 -0.4803
-0.8558 1.4515 -0.7784 -0.3132 -0.0729
1.2934 1.0613 -1.4733 0.2432 1.4783
0.1082 -1.6705 0.4553 -0.0338 -0.2449
-1.3951 -1.4409 -0.2308 -0.0017 -0.1922
0.2296 -3.3178 -0.0282 1.4068 1.3465
0.0177 -0.2048 0.6402 -1.5415 0.5784
1.1936 0.2399 -1.8415 2.2840 1.3238
-1.8109 1.0007 -0.8415 -0.8724 0.1079
-1.4919 0.1786 0.0847 1.0280 0.5173
-0.1089 0.2975 1.0890 -0.9688 0.5446
-0.7326 -1.0231 1.2766 1.1938 -0.2005
-0.0360 0.7649 -0.6863 0.5159 -0.3221
-0.4025 1.7439 0.1634 0.1882 0.5092
2.0436 -0.3680 -1.2483 0.4680 0.5403
-1.3493 0.4536 0.9203 -1.0876 -0.5457
-1.6969 -0.8319 1.2478 -0.0463 -0.4740
2.3661 0.9973 -1.2909 -0.3864 -0.9617
0.0559 0.4516 -1.0931 -1.2396 0.5001
-2.1374 -1.4134 -0.6079 -1.8763 -0.8300
0.0862 1.3143 0.7454 0.1005 0.2917
-1.6670 -2.1819 1.2037 0.3227 -0.1886
0.5597 -0.5105 0.8864 -0.2944 -1.2523
-1.5746 -0.2971 0.7342 1.1616 2.3586
0.9715 -0.8939 -0.4954 -0.9035 -0.7233
0.9034 0.6379 0.0041 -0.7884 1.6835
1.2548 0.9806 -0.1694 -1.0534 -0.9329
-0.5390 0.8666 0.8076 -0.5085 2.5396
-0.8657 0.1826 -0.6881 -1.4660 -0.1571
0.9928 -1.7704 -0.4830 -1.0075 0.4458
0.5587 0.5409 1.0534 -1.6757 1.1603
-1.3797 0.6484 0.6198 0.5079 -0.3502
0.8807 1.3815 0.9758 1.7425 1.7169
0.5190 -2.1468 -0.5623 0.3629 0.6101
-0.5764 0.8962 0.4785 0.6338 1.3068
-0.4039 1.3212 0.7984 0.3684 -1.3686
-1.1852 1.7817 0.9476 0.0213 1.5236
0.1485 1.2800 1.3194 2.4101 -0.4442
0.8172 1.0604 1.7709 -0.2921 -0.2337
-0.5659 0.5765 0.3164 0.7305 1.3404
-0.6067 1.3016 0.1872 0.1978 -0.5448
-0.5968 -1.3148 -0.6897 -2.7738 0.6416
1.8213 -0.7281 -0.8450 -1.4077 0.9446
-0.3541 0.9215 -0.3535 -1.0939 0.5740
-1.0196 1.9793 -1.3611 0.5811 -0.6005
1.4988 -1.5850 -0.1650 0.7004 0.5475
1.2348 -0.3861 -0.1961 -0.6155 1.0124
1.0078 0.0348 0.3782 0.9226 0.0620
0.6007 -0.4583 -0.3754 -1.7239 0.5210
0.6876 0.5523 -0.2825 0.4258 0.6656
-0.5447 -0.2139 -1.5495 -0.3558 0.2670
-0.0931 -0.0980 -0.9417 0.3372 0.4593
0.3680 1.0149 -2.0369 0.8399 -0.2307
-0.3030 -0.4626 0.3192 0.4253 -0.9666
0.2112 -0.7227 1.3176 -0.6489 1.4921
-1.5800 3.3484 -0.4933 -0.6640 -1.5468
1.0167 0.2314 -2.2265 -0.7359 0.5541
1.7499 -0.1420 0.5735 0.1097 -0.0903
0.1713 0.8307 -0.5165 1.9441 1.1325
1.2030 -1.1693 0.8752 -0.2220 0.3501
0.1124 -0.4474 1.4600 -0.0828 -0.3290
0.5620 -0.4983 0.3289 -0.6834 2.6353
-0.4774 -0.8068 1.8236 -0.7614 -1.2271
-0.9989 0.1641 0.9516 -2.1830 -1.2616
0.3484 -0.8785 -1.4873 1.1720 1.2048
0.6239 -0.2928 1.7498 0.7789 -0.9051
0.3757 1.9135 -0.0012 -0.3528 -0.5753
-0.1635 0.6307 0.7418 -1.1793 0.4811
3.1551 -1.4126 -1.0279 1.3117 -1.4912
2.0129 0.3100 -0.2633 1.9685 0.2074
0.8188 0.1637 -0.3021 0.0402 -0.3274
-0.9092 0.2826 -0.9926 0.1107 0.5925
0.1944 -1.1032 -0.6756 -1.5852 0.4822
