-0.5729 0.1546 1.8896 -0.6138 -0.1928
-0.4819 1.3323 0.1775 -0.3628 0.3342
0.7446 -0.9755 -1.0696 -0.8059 -0.7262
-0.2624 -0.9810 0.3111 -2.4470 -0.3737
0.5822 1.2133 -1.0836 -0.1639 -0.7799
0.8457 -0.2581 1.6614 -1.0382 -1.8805
-0.2236 -1.4571 -0.2040 0.1164 2.1081
0.2876 -0.0403 1.5795 -1.1317 -1.9845
1.1877 0.1200 -0.3744 -1.1750 0.0881
0.5420 0.2760 -0.9044 -1.0194 -0.6207
0.7634 0.6863 -1.7703 -0.6450 -0.9915
0.7843 -0.2538 -0.0765 -0.0212 0.6864
0.8171 -0.5476 -1.3798 0.6736 1.3758
0.4065 -0.0094 -0.1192 -1.5914 -1.6164
0.0719 -1.4444 -0.4389 -0.0130 0.0415
-0.7293 -0.3615 0.2108 -0.6032 0.7025
-0.1477 -0.3429 -1.4873 -0.9207 0.3905
-0.0447 1.8798 -0.1648 0.0108 1.3415
0.6437 -1.4996 -0.1916 -0.1440 -1.3224
-1.3287 1.3126 -0.1429 0.9524 1.6231
-0.2971 -0.2722 1.6350 3.4187 -0.7273
-0.9030 -2.1471 1.4308 0.8240 -0.4856
-1.3377 -0.4986 -0.1850 -0.0804 0.9955
-0.2585 0.1844 -0.2420 0.1584 -0.9920
0.4450 0.7572 1.3622 1.3756 0.5422
-0.8683 2.2539 1.1117 0.5020 1.3637
-1.4563 -1.9146 -1.5915 0.0370 -0.6048
-1.4272 0.3991 0.1457 -0.1468 2.4756
-1.0969 -1.4468 1.8131 -0.2835 1.2373
-0.6892 0.2504 -0.1739 -0.9460 -0.3995
0.0148 0.0714 0.8907 -0.6311 1.1761
0.9999 0.8211 -0.3857 -0.0856 2.8159
0.9822 0.8441 -1.2215 0.3254 0.6119
0.6551 0.0431 1.6893 0.2948 0.1009
-0.9563 -0.6501 -0.2867 -0.8331 -0.6732
-1.0799 -0.4871 -0.1000 -0.1613 0.3269
-0.2146 0.7910 -0.7625 -0.8802 0.9298
-0.2409 -0.9758 -0.8166 -1.6287 0.0374
0.5705 -1.0450 -0.0254 -0.0274 0.0891
1.1023 0.8183 0.4625 2.1828 -1.6456
-1.1517 -0.1819 0.3739 -1.2991 -2.7437
-0.9385 -0.5768 -0.2144 1.4860 -1.1018
1.5294 -2.2395 -0.7931 0.5480 0.2928
1.1332 -0.3767 0.2987 0.2607 0.6520
-0.3979 -0.2315 -1.3721 0.2089 1.9940
0.6590 0.6890 -1.2887 -0.6549 0.0272
-1.0241 -1.1106 -0.3131 -0.8144 -0.8449
0.4882 -0.3247 1.2171 0.4926 -0.1345
0.6899 -1.7701 -1.8304 0.0972 -0.2630
1.2768 -0.4755 -1.1956 0.3378 -0.3157
-1.2083 -1.7623 -0.5425 0.6736 0.4518
-0.0085 -1.2383 -1.2947 0.6359 0.9860
-0.1963 0.1432 -1.1420 0.2615 -1.7099
0.8116 1.1303 1.4703 0.7872 -0.3740
-0.1448 0.4617 1.1649 -0.8138 0.6615
-0.8436 1.1037 -1.3367 0.0677 -0.4035
1.1747 1.0660 -1.1308 0.6397 -0.2061
0.0906 -1.2655 -0.5554 0.6287 0.2242
0.8001 0.7504 -1.0778 0.8652 -0.1313
-0.4669 -0.2297 -0.3749 1.2034 0.5034
2.0001 1.4872 -0.5599 1.3984 1.3092
1.3172 0.1206 2.4359 1.4674 -0.9811
0.3100 0.7811 -1.4697 -1.0931 -0.3228
-0.6429 -2.8944 -0.6904 -0.3265 -0.8742
0.2293 2.6202 -0.7414 0.2230 -0.1096
2.0631 0.7156 0.0963 -2.3998 -0.1739
-0.0018 0.6801 -0.7180 -0.0287 -0.4012
0.0900 -0.1438 -0.9689 1.2939 0.2548
0.3438 -1.0952 0.4684 -0.1958 -0.5620
-0.9679 0.0205 -0.6167 -1.6485 2.2351
-1.5437 -0.8756 1.3800 1.6387 0.2297
0.9155 -0.1701 1.9923 -0.4268 -1.4126
1.5029 0.0215 1.5225 0.0098 0.3215
-1.0757 -1.7568 0.0228 0.5993 -0.6753
0.1847 1.0859 0.5659 0.4368 -2.1515
0.8015 -1.3422 -1.2579 -0.4148 -1.9495
-0.4152 -0.5299 1.2937 -1.9613 -0.0860
-0.2638 -0.8028 -1.2044 0.8797 0.0295
0.3126 0.5073 0.4009 0.1333 -0.4278
0.8132 -0.6382 -0.0992 0.2538 -0.1183
-0.2377 -0.5570 -0.0347 0.9844 0.9914
-0.9880 -1.3810 0.2233 -2.0811 -0.6704
0.1528 -0.5905 -1.0365 0.0071 -0.7017
-0.6133 -1.4932 -1.9013 1.4635 -0.0050
-1.1463 0.9471 0.2413 1.4117 0.6279
-0.3911 0.2352 1.2215 -0.6525 0.1417
-0.1603 0.0088 0.6586 -0.5938 -0.1683
0.7282 -1.1114 -0.8022 -0.4494 -0.1146
-0.9925 -0.1192 -1.0554 -1.3460 0.3283
0.6784 0.6117 -0.0479 1.2106 -1.8937
-0.1859 -0.8585 -2.5441 0.0327 0.3497
1.4187 0.5287 -0.7005 3.2805 0.4963
-0.1102 0.6488 0.1064 -1.4621 -0.5352
-0.4690 0.5623 -0.5484 0.7842 0.7249
-1.2089 1.7368 0.6125 -0.3135 -0.0094
0.7761 0.4081 -0.9028 -1.2883 1.3678
-1.0597 -1.0421 -0.0262 -0.3045 -0.8434
-0.1309 -0.8079 -0.7023 -0.0240 2.1298
0.5829 -0.3569 -0.3912 -0.0892 -1.1612
-1.4061 2.2156 1.2177 0.2664 -0.7382
-0.3543 -0.0229 -0.8076 0.0906 -1.4189
0.1680 -0.4477 -0.2022 -1.7084 -1.0718
0.5655 0.6125 1.1968 -0.9419 0.6669
-0.8294 -0.2335 0.0987 0.6908 -1.0145
-0.2756 0.4636 -0.7571 1.3067 1.8326
0.3133 0.4796 -0.0193 0.8690 0.3020
-0.5148 0.0607 0.6973 0.2517 0.0425
-0.1806 -0.5010 -0.1398 0.0643 0.5908
-0.1445 -0.0567 0.8159 -0.0204 0.8536
0.5152 0.5397 -0.9103 0.1304 -0.5800
-0.9505 -0.6107 -0.6533 -0.2458 2.2145
0.4773 -1.0190 0.1322 0.2756 -0.0096
-0.1040 0.4613 0.2693 -2.4473 0.4423
0.0086 -0.2795 -0.1415 1.3880 0.0433
-0.8353 0.5247 0.4147 -0.5061 1.7518
-0.8395 -0.5317 1.9471 -0.3103 -0.2230
0.8374 -1.6939 -0.0896 0.7833 -0.1974
-2.1025 0.7735 0.1924 -0.3097 -0.1614
-1.3459 -0.4505 0.7643 -0.9100 0.8493
1.1373 0.9488 1.3185 -0.7884 -0.4363
0.6149 0.9044 -0.4746 -2.3472 0.0813
0.9514 0.2198 -0.0215 -0.2276 0.8791
0.9738 -0.0114 0.1177 -0.1172 -0.2592
0.6978 0.7873 0.5689 -1.5257 0.0049
0.6814 -1.0092 -0.6886 1.5884 1.7671
-0.3068 -0.2362 0.3656 1.3271 0.3392
-1.2980 0.1148 -1.2790 -1.2824 0.7435
0.1917 1.2957 0.8246 0.7005 0.6491
-0.8008 -1.9213 -0.8617 -0.1539 1.9520
1.8124 0.7348 0.0715 -0.9100 1.6976
-0.1041 0.2127 0.9841 1.1178 0.1278
-2.6234 -1.7384 -1.4834 0.3553 -1.6891
-0.9537 -1.0550 -0.9907 0.8853 0.6197
-1.0479 0.1871 0.7601 -2.4394 -0.4682
-0.5417 -1.4606 0.6088 0.6175 -0.0153
-1.1877 1.8105 2.2314 1.3833 -0.1204
1.2954 1.2947 0.1275 -0.5164 1.0706
0.5202 -1.1594 -0.2049 -1.4090 2.3977
1.3105 -0.1259 -0.3818 -0.9223 0.0037
-0.4922 -0.0758 0.2599 1.0802 -1.4126
0.4293 0.2364 -1.7400 1.2395 1.5528
-1.2040 -0.2432 0.3971 0.7866 0.3940
-1.7079 -0.5947 0.4751 -0.6702 1.7634
-0.1034 -0.1833 -3.0641 -2.1143 -1.3853
-2.1864 -0.6330 0.5878 0.0891 -0.2323
-0.2900 -2.0720 -0.6193 -1.0599 2.1427
0.5637 -0.6176 -0.4737 1.5793 -0.6373
-0.6833 0.1191 0.0452 -1.6840 -0.5713
0.2739 -0.8042 0.7688 0.2533 -1.2407
0.7160 0.1817 -0.9659 -1.9291 0.1297
2.3956 -0.1590 -0.3381 0.9019 0.8090
-1.5426 0.0910 1.1350 0.3542 -1.0507
0.1002 1.8448 -0.7256 1.0861 0.0811
-0.9845 1.0359 -1.7969 -0.5009 2.0298
0.1117 -0.6010 1.3989 -0.7867 -2.7892
0.4938 -0.7832 0.6457 -1.3574 -1.2434
-0.7215 -0.2786 -1.0151 1.2601 -1.2361
-0.2170 0.6838 1.4128 -0.1373 3.1550
-0.3667 0.6780 0.0309 -0.1874 2.3523
0.3390 -1.5268 0.7281 -1.3824 1.5101
-0.1725 -0.3325 0.4523 0.8075 0.3006
1.4969 1.8591 0.1161 0.0721 1.6390
-0.5305 -2.0086 0.4945 -0.4031 -0.3530
0.8192 -1.9157 -0.4003 0.2211 0.6071
-2.2067 -0.8682 1.8064 -1.9082 -0.4820
0.4348 0.9539 -0.4408 1.1938 0.7392
-0.9253 2.0317 2.0215 -1.2211 -1.3767
-0.4092 1.8604 -0.7728 0.1691 -0.0868
0.0229 -0.2251 1.7639 0.0683 2.8450
0.8899 0.7687 0.4023 -0.1661 -3.2400
0.1341 -0.5480 -1.3806 1.7650 1.2941
0.3996 0.4035 -0.0271 1.1335 0.3116
-0.1137 0.0591 0.3104 -1.1973 1.5198
0.2092 -0.1707 -0.9211 1.0035 -1.9264
-0.4081 1.2154 -1.6183 -0.4554 -0.1555
-0.0947 0.0536 1.4380 -0.1497 0.6740
0.0109 -0.1970 0.1342 1.0430 -1.0158
0.8513 -0.4864 1.2384 -1.4240 -0.4001
1.4692 0.6346 1.0501 1.4081 -1.1673
-0.7393 -0.3418 0.3604 -0.1292 0.3713
-1.2564 -1.0584 -0.1846 1.2379 0.3872
0.6814 -0.7587 1.4216 -2.0028 0.0419
-0.9552 -0.2222 0.2962 0.4313 -1.1037
-0.4392 -1.2564 0.3382 1.4078 -0.1407
0.4444 0.2611 -0.5318 1.1757 0.4509
-1.5541 -0.5731 0.9837 -0.0893 -1.8437
-1.7866 0.4219 -1.0743 1.2439 -0.4322
-0.0232 0.1333 1.3892 -1.0379 -1.4817
1.3708 -0.6908 -0.5415 1.0550 -0.2006
0.5250 0.0245 0.1498 -0.9181 -1.0636
1.6075 0.3556 -2.0149 0.6003 -0.5208
-0.1413 0.4899 -0.0493 0.0692 -0.6754
1.1518 0.7109 0.3920 0.3053 -2.9183
-0.7310 0.4515 0.4869 0.9989 -1.7289
1.1206 -2.3967 -0.3108 0.4865 -0.6680
-1.3136 0.1227 0.4481 -0.7137 -0.4524
0.8114 0.9106 -1.8322 0.5517 -0.8835
-0.3717 -0.9235 0.2147 -0.5435 0.3453
-0.8098 0.7987 1.2295 -0.1476 1.1156
1.2797 -0.7687 -0.0825 -0.1738 -0.0625