-1.6340
0.1677
2.8343
2.7434
0.7584
-1.1202
2.8454
-1.5401
2.5440
2.1812
1.5131
2.7031
2.8370
1.7893
2.7992
2.6856
2.8130
0.6493
1.7164
1.1282
-0.2276
1.6573
2.7421
0.6035
-1.5194
-1.3672
2.8452
1.3305
2.7546
1.4911
1.9658
1.3577
1.3100
-0.7158
2.7774
2.7343
1.2497
2.8401
2.5345
-2.0118
-0.2795
1.5506
2.1151
2.0073
2.7465
1.4668
2.8218
0.8608
2.8392
2.3351
2.8212
2.8435
1.0036
-2.6246
0.2196
1.1447
0.2985
2.4736
0.3661
1.7365
-0.0227
-2.0941
1.3299
2.8193
-0.7503
0.5334
1.0988
1.7093
1.7808
2.4366
1.5113
-1.2656
-0.0699
1.7992
-2.6406
2.0938
1.9742
2.6484
-0.5821
1.8654
2.3639
2.8038
2.7177
2.6146
-0.1053
0.1961
1.5993
2.8343
2.5980
-1.2653
2.8445
0.3054
0.3232
1.2250
-1.1216
2.1973
2.7001
2.8420
1.6679
-2.7832
1.5113
2.6303
-0.2224
1.0755
1.4048
0.2045
0.6257
2.7790
2.0470
1.1130
2.8226
1.9073
1.1379
1.4871
1.2261
0.1596
1.7009
0.6804
2.6143
-2.5003
0.8549
2.2385
1.5381
-0.2726
2.4322
1.2915
2.1208
-1.4566
2.8459
1.4867
-0.2664
2.8148
2.8287
0.4436
1.7336
-2.8132
0.5254
2.8449
2.7175
0.4255
2.2408
1.5818
2.7553
2.8187
2.4889
2.8459
1.6596
1.6811
1.2319
2.5822
1.6718
-1.2855
-0.2982
1.2382
-0.9493
1.9761
1.4288
1.0705
1.2688
2.8381
1.5018
0.3375
2.6682
2.7543
1.6993
0.2133
-2.7134
0.5057
2.4848
-2.6783
2.5880
0.2667
2.3410
1.3981
1.1749
0.5818
1.1443
1.5356
-2.2344
2.5734
2.0745
2.0405
0.8802
1.6812
0.8443
0.3531
0.8037
-1.7920
1.6831
1.5539
1.9582
0.0813
-2.5649
-1.5474
1.7046
1.1153
0.7217
2.8167
0.1117
2.2691