1.4386 -0.0512 0.7145 -0.9018 0.1114
1.2510 -0.0159 -0.3389 1.5497 1.2207
-1.0644 0.2735 0.1970 0.1908 2.1931
-0.2839 0.9600 -1.9300 0.8919 -0.7639
0.1616 1.2814 -1.0301 0.1294 -0.7246
-0.7802 0.4212 -0.8765 1.8636 -1.1981
1.4596 -1.0798 0.1236 0.3221 -1.2060
-0.2553 -1.7823 0.9470 1.6046 -0.5177
-1.5866 -1.5879 1.3165 0.4273 1.9070
-0.6621 -0.3574 -0.0207 0.5659 -0.2371
0.9832 1.7098 -2.6887 0.6870 -0.5554
-1.8332 2.5914 -0.6007 0.6620 -1.2489
-0.7848 -0.8838 -1.1114 0.1388 0.2720
0.6853 -1.0924 -0.4768 -1.2892 -0.9250
-0.4328 -0.6454 -0.0123 2.3308 -1.1884
-0.3580 -1.0855 0.6914 0.8344 0.2506
-2.0269 -1.0665 -1.0142 -1.0833 0.5519
0.2946 0.6332 -1.2677 0.2097 -0.7490
1.6946 -0.1826 -0.2753 -0.9790 -0.9040
0.4214 -0.8738 0.4121 0.7678 -0.7052
-0.0862 1.7699 -0.6451 0.9135 -1.3959
0.9951 1.7729 0.8262 0.4375 1.2141
0.3409 -0.0532 -0.2580 0.2205 0.1253
-0.4082 -0.1366 -0.4270 -0.5674 0.4855
0.3038 -0.4880 1.3002 0.7614 0.2875
1.1351 -0.0372 -1.2497 -0.1008 1.2800
1.0842 0.1154 -0.7849 1.6290 -1.3952
0.6829 1.1742 -1.9286 0.7769 0.0436
-1.5182 1.6655 -0.0864 1.6271 -1.6199
1.1742 -0.0223 0.1244 -1.1571 -0.2285
-0.3373 0.2918 -0.1141 0.3710 -0.1580
1.4076 0.5416 0.9658 0.5035 0.8925
-0.5910 -2.1833 0.7696 -0.7800 0.3771
2.1128 -0.1865 -0.4082 -0.5783 -2.0403
1.1552 2.0047 0.2271 -0.8061 -0.9761
-1.5628 0.2836 1.0589 1.1088 -0.0725
1.6183 0.8935 -0.6645 -0.6605 -0.3795
0.3544 0.8235 -0.9850 -0.3692 -0.7949
-0.4986 -1.0653 -1.2022 -0.6997 1.9788
-0.6322 2.1920 0.0325 -1.3813 -1.2026
-1.2525 -1.7717 -0.1587 0.8145 1.0468
0.5719 1.1349 0.1867 0.1312 -0.3916
-0.6876 0.9307 1.2951 0.6096 -0.9283
0.4771 -0.8558 -0.8085 -0.0163 -1.2469
3.2427 1.1680 1.7822 -0.8983 -1.2081
-0.7820 1.3062 -0.6389 -0.2696 1.5420
-0.5352 -0.3292 -0.8499 -1.4280 0.2540
0.5953 -0.7778 -0.8687 0.8719 -1.3371
-0.2324 -0.2743 0.8326 0.0970 0.0162
0.4660 0.7372 1.9195 -1.2897 -0.0597
-0.5378 1.2819 -0.5456 -0.7593 -0.8152
0.5959 0.3008 -1.9762 -1.9665 1.1611
0.7180 -0.1618 0.5412 0.7642 -0.0034
0.5561 -1.9800 1.5331 1.1946 0.5207
0.2391 -1.7067 0.4166 -0.6722 -0.9577
0.7398 -0.1396 0.6941 -0.7864 -0.9471
1.0464 -0.7741 0.0908 -0.3223 -1.4059
0.0357 -2.0172 -0.1743 0.3260 0.8735
-0.6996 1.0099 -2.7336 0.5834 -0.8930
-0.8605 -0.2530 0.0567 1.9552 0.8036
0.5277 1.3837 -0.7794 1.1772 -0.3530
1.9397 0.2125 -0.1409 -0.6560 -0.8901
0.4328 -0.9505 0.1456 0.3661 0.8165
-0.4836 -0.7398 -0.6044 1.3917 1.5472
-0.5674 0.1816 -0.5219 1.3407 -1.1860
-0.4960 0.4620 0.3887 0.2224 1.5559
1.4407 -0.3376 -1.3708 0.9472 -0.9412
-0.1100 -1.2483 1.5892 0.9384 -0.0525
0.4244 0.4084 -0.8684 -0.8501 -0.0974
-0.8214 -0.3040 2.4449 0.2446 0.2789
1.3994 2.2281 -0.4239 -1.1279 0.0327
-0.8799 -0.3263 -1.0388 -1.7993 0.8277
-1.1196 -1.4616 -0.4590 -0.3942 0.3593
0.1099 0.2542 -0.5142 0.7791 -0.9307
-2.3624 -0.6062 -1.3598 2.1900 0.1635
1.4355 -0.7054 -0.1444 -0.7505 0.0417
-1.4249 0.2389 -0.9156 0.8769 -0.7017
0.6266 0.3212 0.8329 -1.3337 -0.8199
-0.5708 -1.2174 2.2838 -0.3500 -1.2720
0.5242 0.7552 0.8870 0.6530 -1.3080
0.1387 -0.9670 0.1569 -2.7054 -2.2974
0.6061 0.1569 0.6781 -1.1695 0.6826
-0.8312 -2.1749 -0.1149 0.2997 -1.8851
0.6061 0.8721 -0.8144 -0.2603 0.6609
0.1065 0.1967 1.1431 0.6963 0.2468
-0.7071 -0.2361 2.3592 1.1103 0.2422
-1.3088 -0.0647 0.0172 -0.7912 0.0143
0.9268 0.5397 2.0899 0.7043 1.1177
-0.1573 -0.1315 0.6479 1.2575 0.4110
-1.2496 -0.4107 0.9797 0.2598 -0.7576
1.5772 0.4009 0.1626 0.3094 0.9159
0.9520 1.5837 0.7624 -0.0115 1.9811
0.8222 1.5876 0.9721 1.4800 -0.6395
-1.1709 -1.1777 1.8132 -0.9875 1.6495
-0.0722 -0.1915 0.1348 2.6906 -0.5180
0.9004 0.8435 -0.9874 0.2061 -0.5658
0.5465 -0.7065 -0.6507 -1.5929 -0.0873
-0.7121 -2.3738 1.2073 0.0256 0.0956
0.7024 0.0010 0.7528 0.4738 1.6957
0.7439 0.5584 -2.1234 0.5628 1.6708
1.0923 -0.2294 -0.7405 -0.7107 -0.2947
0.0443 1.2290 -0.5453 -0.4359 -0.8157
0.4641 0.2290 1.1405 -0.6267 -0.5701
1.3493 0.1042 0.7526 0.5603 -0.3150
-0.3823 0.0653 -1.4703 -0.7274 -0.9655
-0.8365 1.5054 -0.3160 1.6168 0.1118
-2.1245 0.0174 0.8486 0.3515 0.8910
-1.2875 0.6898 -0.2546 1.7042 -0.5409
0.0901 1.3018 1.2204 -0.8384 -1.0180
0.8906 -0.9644 0.4098 0.8480 -1.2117
0.2721 -0.0512 1.4347 -0.9002 -1.3595
-1.9269 0.8569 -1.3930 0.3554 -2.6237
-0.0129 -1.0669 0.7301 0.4166 0.8705
0.9124 -0.9663 1.0557 -1.1595 2.4152
-0.7378 -1.2279 -0.6260 0.7376 0.5780
-1.0328 -0.6339 -0.5412 -1.5575 1.0792
-1.3158 0.1211 0.7840 -0.6189 -0.7640
-0.1639 -0.7464 0.2920 -1.1054 -0.7766
-0.0947 1.3848 1.4985 0.4178 1.1641
0.2542 1.9962 -0.1538 0.9474 -0.9115
1.1228 -1.3605 -0.2083 0.4161 0.9049
0.2048 -1.3697 0.3759 0.0648 3.3681
-0.4339 0.2020 0.8619 -0.5126 1.0296
0.7221 0.8553 -0.3950 0.7790 0.9026
1.3792 0.0708 1.1002 2.2650 1.5342
-0.4675 1.5347 0.3561 -0.3711 -2.0056
-0.4953 -0.7804 -0.1891 -0.0067 0.4708
0.1636 0.4993 -0.1699 -0.7306 0.8287
-0.7633 0.5979 -1.9471 -2.2281 0.0860
0.6197 1.2933 -0.5827 0.6528 0.5479
0.2454 -1.7782 0.7034 1.2756 0.5412
0.7779 1.7368 1.1638 0.1680 1.0892
-0.9248 -0.6813 -0.3681 -0.0423 -1.3903
-0.2311 0.7636 -2.0083 1.1037 -1.2774
1.4993 -0.5101 -0.6930 0.4210 -0.3906
-0.6696 -0.7398 0.4424 -0.5382 0.1258
-0.4221 -0.1933 -1.3831 -1.4271 1.2669
-0.4303 0.5281 -0.4977 -1.6716 1.9125
0.7523 -1.6873 -0.4076 0.2588 0.9954
0.0736 0.8625 -2.0794 -1.0836 -0.6255
-1.6685 -0.4900 -0.6132 -0.6448 1.0476
1.1930 -1.7149 -1.2807 -1.1701 -0.0039
-0.9073 -0.9332 0.2226 -0.2705 -0.1180
0.7267 -0.1659 -0.5134 -1.6196 -0.7853
-0.9031 0.2664 -0.3103 0.7866 -0.8375
-1.9493 -2.4661 -1.7578 0.4789 0.5144
0.3795 1.1449 -0.7113 -0.8243 -0.2595
-0.2479 -0.3858 -0.6131 -0.7381 0.6113
0.1425 0.1668 0.7380 -0.9155 -0.5269
-1.2604 0.9335 0.7623 0.3719 0.7115
0.0461 1.2575 -0.9158 -0.9406 0.7482
-0.7479 -0.4004 -0.2374 1.8597 -1.8503
0.3079 0.4784 0.5639 -0.1870 0.7242
1.1454 0.2609 -2.0228 -0.7517 0.3281
0.7588 1.3784 -0.3422 -0.4804 -0.0578
0.0402 -1.1184 -0.5200 0.2947 -1.7001
-0.2579 -3.1209 -0.2112 0.0519 -0.0430
0.4269 -1.9790 -0.3351 -0.2903 1.4571
0.0451 -0.7492 0.9521 -1.3822 0.1765
-1.0920 -1.3351 1.4225 1.4307 0.9662
0.9271 0.1410 0.5057 0.5363 -0.0081
-0.3214 -0.5951 -1.4448 -1.0945 0.0860
0.5666 1.8329 -0.4227 -0.9559 -0.8553
-0.1416 -0.6695 -0.0797 -1.0829 0.6473
0.5273 1.1844 1.3241 0.8842 -1.0161
-1.2623 -0.2453 1.2433 0.3550 -0.8054
-0.0304 -0.1678 -0.0649 1.3904 -1.0962
-0.5630 -1.0847 0.1006 -0.4141 -0.4211
0.7935 -0.0216 1.1021 -0.6850 -0.2759
-1.2937 1.3139 -0.0769 -0.1655 0.1460
0.7164 0.7159 0.1758 -0.2516 -0.5154
0.9999 -0.5093 -1.6477 1.3115 -0.7806
1.3708 0.9358 0.7935 -1.0902 -0.3846
-0.8440 0.7939 -0.8058 -0.2158 -0.4415
-0.7209 0.3083 0.1498 -0.8153 -2.4298
0.1346 -1.3165 0.4242 0.9693 1.8967
-0.2134 -1.6438 -0.6950 0.3779 -0.2990
1.7051 0.4327 0.2225 -0.6182 1.4257
1.3581 1.0752 1.4584 0.1655 -0.9172
-0.8011 -0.4673 1.2910 -1.6078 -0.0046
-0.4164 1.1492 -0.2898 1.0356 -0.8323
0.3898 -0.3552 0.2526 0.0365 -0.6220
-0.0969 -0.7200 -0.0774 -1.6317 1.1619
0.4149 0.2414 -1.0961 1.2779 -0.2072
0.5823 -1.7775 -1.5575 -0.5236 -0.0712
-1.6329 1.2573 -2.2102 -1.0880 1.1062
-0.7441 1.6094 -0.4206 0.7338 -1.5067
-2.4852 0.9650 1.2765 -1.1368 0.5407
-0.4475 0.8268 1.3169 0.3408 -1.4077
0.0121 0.3569 1.9360 1.4915 -0.0993
0.5844 -1.0223 -0.2988 -0.0467 0.6308
-0.8844 -0.2609 -1.2505 1.2200 0.4985
-0.4508 1.1211 0.5660 0.0637 0.4456
-0.0580 0.5651 -0.5739 0.2083 0.3974
0.6741 0.8664 -0.4319 -0.6926 0.1526
-1.5770 -0.5814 0.0909 1.0184 -1.3489
0.7245 1.4437 0.5176 -0.8878 0.4024
-1.1708 -0.0643 0.0030 -0.4022 -2.1543
-1.4796 -0.1580 -1.0752 -0.0455 -0.9065
0.8912 -0.3462 -0.3257 -0.1251 -0.8986
