-0.1214
0.1776
-0.4331
0.1138
0.3506
-0.3705
0.3173
0.2242
-0.0168
-0.0195
0.2006
-0.3947
0.0343
0.3763
-0.1758
0.4877
0.3612
-0.2664
-0.1974
-0.4223
-0.0040
-0.2058
0.2649
-0.1578
0.2618
0.3391
0.4622
-0.3373
-0.0302
0.3445
-0.0780
-0.0800
-0.2434
-0.3383
-0.1971
-0.4109
0.0386
0.0786
-0.2717
-0.3356
-0.1020
-0.2548
0.5354
-0.1265
0.1952
0.0716
-0.2021
-0.1474
-0.2653
-0.3024
0.3311
0.0019
-0.0781
-0.1767
-0.1635
-0.0427
0.0902
0.7538
0.4062
0.0471
-0.5182
-0.1924
0.0758
0.4342
0.2190
0.4360
-0.0792
-0.1363
-0.3156
0.5190
0.4213
0.4231
-0.1190
-0.1294
-0.2984
-0.2721
0.1140
-0.4067
-0.3082
-0.3283
-0.3180
0.1633
-0.1630
0.1124
0.0570
-0.0102
-0.1271
0.5172
-0.0814
0.0208
-0.1749
-0.1595
-0.4101
0.4786
-0.1171
-0.1188
0.4279
0.1471
0.0454
-0.3375
0.4196
0.2248
0.0658
-0.1415
-0.2163
0.6015
-0.0320
-0.2897
-0.2581
0.2557
-0.1252
0.0636
-0.3756
-0.1824
-0.0462
0.0207
0.0245
-0.3253
-0.5139
0.2655
0.1060
0.1943
-0.0650
-0.2364
-0.0646
0.2236
0.3891
-0.3114
0.4036
0.3921
-0.2961
-0.1312
-0.3694
0.1086
0.0602
0.4310
-0.1289
-0.0325
-0.4514
0.1279
0.1892
0.1772
0.0451
-0.2822
0.4071
0.5398
0.3152
-0.0024
-0.4038
-0.2574
-0.1206
0.0796
0.3139
0.2574
0.1999
0.3747
0.0565
0.1748
-0.1723
-0.0481
-0.1696
0.0210
-0.1765
0.1395
-0.3004
-0.2292
0.0048
0.0239
0.4196
0.3998
0.4154
0.4207
-0.1807
0.1629
-0.1745
0.3345
0.1057
0.3992
0.1660
0.4053
-0.2579
-0.1804
0.4688
0.6494
-0.1631
0.0149
-0.2744
-0.3376
0.1545
-0.2754
0.2231
0.1046
-0.4519
0.2523
0.1195
-0.1791
-0.0674
0.0363
0.2777
0.2901
